
Descriptive Statistics for Boulder Homes
===========================================================================
Statistic         N      Mean   St. Dev.   Min   Pctl(25) Pctl(75)   Max   
---------------------------------------------------------------------------
bsmtSF          11,363  743.8    627.4      0      134     1,125    4,534  
carStorageSF    11,363  471.9    235.9      0      380      600     3,040  
nbrBedRoom      11,363   3.4      1.1       0       3        4        24   
TotalFinishedSF 11,363 1,955.5   892.6      0     1,276   2,443.5   10,188 
NumTrailHeads   11,363   6.9      7.2       0       2        9        42   
wildfire.nn     11,363 12,023.0 5,201.8  1,006.3 7,572.6  16,330.5 20,816.9
geohazard.nn    11,363 6,465.7  3,594.5   150.0  3,623.3  9,591.9  13,438.7
lakes.nn        11,363 1,940.6   901.3    335.4  1,394.8  2,267.1  7,299.7 
floodzone.nn    11,363 3,012.2  2,058.3   266.5  1,616.8  3,709.5  17,553.6
Ag.nn           11,363 3,835.5  4,043.1   314.6  1,596.8  4,508.6  29,710.4
Industrial.nn   11,363 5,243.5  3,783.0   532.7  3,148.0  6,084.5  29,351.7
Business.nn     11,363 6,266.5  1,979.7   105.5  5,015.0  7,268.8  21,185.4
MedHHInc        11,363 97,723.0 25,090.3 23,699   82,398  120,717  173,500 
MedRent         11,363 1,541.9   403.9     745    1,275    1,733    3,000  
BelPov100       11,363  482.5    393.3     40      227      724     3,202  
TotalBach       11,363 1,467.7   757.2     227     899     1,766    3,213  
TravelTime      11,363 71,130.4 38,236.1 13,635   46,945   84,165  166,290 
PctWhite        11,363   0.9      0.1      0.8     0.9      0.9      3.3   
PctMarried      11,363   1.5      0.7      0.1     1.0      2.0      4.3   
HouseAge        11,363   33.8     26.8      0       15       49      161   
---------------------------------------------------------------------------

Descriptive Statistics for Boulder Homes
=======
Table 1
-------
